place(-2.526,1.000,-30.643,"Military Base",600)
place(-19.341,1.000,-33.263,"Farm",582)
upgrade(-19.341,2.025,-33.263,1,332)
place(-23.045,1.000,-32.883,"Farm",264)
place(-26.686,1.000,-31.948,"Farm",537)
upgrade(-26.686,2.025,-31.948,1,287)
place(0.079,1.000,1.117,"Hacker",1534)
upgrade(0.079,2.403,1.117,1,960)
place(-15.415,1.000,-33.201,"Farm",610)
upgrade(-15.415,2.025,-33.201,1,360)
place(-11.283,1.000,-33.212,"Farm",160)
place(-11.561,1.000,-33.323,"Farm",984)
upgrade(-11.561,2.025,-33.323,1,976)
place(-7.626,1.000,-33.032,"Farm",1226)
upgrade(-7.626,2.025,-33.032,1,976)
place(-30.016,1.000,-28.307,"Farm",776)
upgrade(-30.016,2.025,-28.307,1,526)
place(-31.927,1.010,-24.853,"Farm",326)
upgrade(-31.927,2.035,-24.853,1,225)
upgrade(0.079,2.403,1.117,1,1877)
place(14.573,1.000,13.995,"Pyromancer",2704)
upgrade(14.573,2.350,13.995,1,1862)
place(12.214,1.000,8.685,"Pyromancer",1626)
upgrade(12.214,2.350,8.685,1,815)
upgrade(12.214,2.350,8.685,1,1409)
upgrade(-7.626,2.025,-33.032,1,1538)
upgrade(-11.561,2.025,-33.323,1,989)
place(0.007,1.000,-2.724,"Mercenary Base",3424)
upgrade(14.573,2.350,13.995,1,5203)
upgrade(-15.415,2.025,-33.201,1,5806)
upgrade(-19.341,2.025,-33.263,1,5256)
upgrade(-23.045,2.025,-32.883,1,4706)
upgrade(-26.686,2.025,-31.948,1,4506)
upgrade(-30.016,2.025,-28.307,1,3956)
upgrade(-31.927,2.035,-24.853,1,3431)
place(-0.021,1.000,-6.491,"Hacker",2919)
upgrade(-0.021,2.403,-6.491,1,1674)
upgrade(-0.021,2.403,-6.491,1,2881)
place(10.157,1.000,12.107,"Mercenary Base",3481)
upgrade(10.157,0.980,12.107,1,4843)
upgrade(10.157,0.980,12.107,1,3530)
upgrade(0.007,0.980,-2.724,1,1366)
upgrade(0.007,0.980,-2.724,1,3820)
upgrade(-2.526,1.863,-30.643,1,1575)
upgrade(-2.526,1.863,-30.643,1,1375)
upgrade(-2.526,1.863,-30.643,1,2350)
upgrade(0.079,2.403,1.117,1,7789)
upgrade(-7.626,2.025,-33.032,1,4076)
upgrade(-7.626,2.025,-33.032,1,3926)
upgrade(-7.626,2.025,-33.032,1,5093)
upgrade(0.007,0.980,-2.724,1,7538)
upgrade(-2.526,1.863,-30.643,1,9689)
place(-2.731,1.000,-25.859,"Military Base",2521)
upgrade(-2.731,1.863,-25.859,1,2121)
upgrade(-2.731,1.863,-25.859,1,1921)
upgrade(-2.731,1.863,-25.859,1,1796)
upgrade(-11.561,2.025,-33.323,1,5351)
upgrade(-11.561,2.025,-33.323,1,4517)
upgrade(-11.561,2.025,-33.323,1,6451)
upgrade(-15.415,2.025,-33.201,1,1451)
upgrade(-15.415,2.025,-33.201,1,3121)
upgrade(-15.415,2.025,-33.201,1,5239)
upgrade(-19.341,2.025,-33.263,1,5839)
upgrade(-19.341,2.025,-33.263,1,4840)
upgrade(-19.341,2.025,-33.263,1,5239)
upgrade(-23.045,2.025,-32.883,1,4820)
upgrade(-23.045,2.025,-32.883,1,4719)
upgrade(-23.045,2.025,-32.883,1,4820)
upgrade(-23.045,2.025,-32.883,1,5067)
upgrade(-26.686,2.025,-31.948,1,8317)
upgrade(-26.686,2.025,-31.948,1,7320)
upgrade(-26.686,2.025,-31.948,1,5567)
upgrade(-31.927,2.035,-24.853,1,1007)
upgrade(-31.927,2.035,-24.853,1,2812)
upgrade(-31.927,2.035,-24.853,1,7626)
upgrade(-30.016,2.025,-28.307,1,3775)
upgrade(-30.016,2.025,-28.307,1,2785)
upgrade(-30.016,2.025,-28.307,1,11525)
upgrade(-0.021,2.403,-6.491,1,7735)
upgrade(14.573,2.350,13.995,1,5130)
upgrade(12.214,2.350,8.685,1,4125)
upgrade(12.214,2.350,8.685,1,7318)
upgrade(0.007,0.980,-2.724,1,15518)
upgrade(0.007,0.980,-2.724,1,13756)
place(1.593,1.000,-28.076,"Mercenary Base",4366)
upgrade(1.593,0.980,-28.076,1,1616)
upgrade(1.593,0.980,-28.076,1,4557)
upgrade(-2.731,1.863,-25.859,1,15898)
place(1.487,1.000,-23.389,"Military Base",9781)
place(1.431,1.000,-18.590,"Military Base",9381)
place(1.533,1.000,-10.043,"Military Base",9356)
place(-0.546,1.000,-14.335,"Military Base",8956)
upgrade(1.533,1.863,-10.043,1,8956)
upgrade(1.533,1.863,-10.043,1,8756)
upgrade(1.533,1.863,-10.043,1,11106)
upgrade(1.431,1.863,-18.590,1,9356)
upgrade(1.431,1.863,-18.590,1,9156)
upgrade(1.431,1.863,-18.590,1,8756)
upgrade(1.487,1.863,-23.389,1,7006)
upgrade(1.487,1.863,-23.389,1,7301)
upgrade(1.487,1.863,-23.389,1,6927)
upgrade(0.007,0.980,-2.724,1,36770)
